[general]
afcad_path = D:\p3d\Addon Scenery\VFRGO_YangYang\scenery\RKNY_ADEX_1.BGL

[parking 3]
nopassengerstairs = 0
nopassengerbus = 0
ignoreicaoprefixes = 0
ignorepreferredexit = 0
snapleftpushbackpos = 1
snaprightpushbackpos = 1
undergroundrefueling = 0
parkingsystem = 1
hasjetway = 0
pushback = 0
pushbackquickeditpos = 38.06001182 128.6631554 52.03381348
pushbackaddpos = []
pushbacklabels = Nose Right/Tail Left (LEFT)|Nose Left/Tail Right (RIGHT)
maxwingspan = 65.0
radiusleft = 20.0
radiusright = 16.0
loadertype = 3 3 2
airlinecodes = 
type = 1
usercustomized = 1
dontcreatejetways = 0
handlingtexture = 
cateringtexture = 

[gate 3]
nopassengerstairs = 0
nopassengerbus = 0
ignoreicaoprefixes = 0
ignorepreferredexit = 0
snapleftpushbackpos = 1
snaprightpushbackpos = 1
undergroundrefueling = 0
parkingsystem = 1
hasjetway = 0
pushback = 3
pushbackaddpos = []
pushbacklabels = Nose Right/Tail Left (LEFT)|Nose Left/Tail Right (RIGHT)
maxwingspan = 36.0
radiusleft = 18.0
radiusright = 14.4
loadertype = 1 1 2
airlinecodes = 
type = 8
handlingtexture = GSX_LOGO_4X1____
cateringtexture = LSG
usercustomized = 1
dontcreatejetways = 0

[gate 4]
nopassengerstairs = 0
nopassengerbus = 0
ignoreicaoprefixes = 0
ignorepreferredexit = 0
snapleftpushbackpos = 1
snaprightpushbackpos = 1
undergroundrefueling = 0
dontcreatejetways = 0
parkingsystem = 1
hasjetway = 0
pushback = 3
pushbackaddpos = []
pushbacklabels = Nose Right/Tail Left (LEFT)|Nose Left/Tail Right (RIGHT)
maxwingspan = 65.0
radiusleft = 18.0
radiusright = 14.4
loadertype = 3 3 2
airlinecodes = 
type = 10
parkingsystem_stopposition = 38.0584472926317 128.664138981124
usercustomized = 1
pushback_pos = 38.0582074761448 128.664048411651 18.6399993896483
baggage_loader_front_pos = 38.0586554168643 128.663990920765 101.639999389648
baggage_loader_rear_pos = 38.0587679582118 128.664035925436 101.639999389648
baggage_loader_main_pos = 38.0582231412332 128.664212675282 6.63999938964843
baggage_train_front_pos = 38.0585570403259 128.663896193158 51.6399993896484
baggage_train_rear_pos = 38.0585239791208 128.663929287091 51.6399993896484
baggage_train_main_pos = 38.0582494254658 128.664177956039 51.6399993896484
stairs_middle_pos = 38.0583369189965 128.664258368671 -8.36000061035155
this_parking_pos = 38.0585562381268 128.664311137473 -128.360000610352
parkingsystem_objectposition = 38.0582753627964 128.663862113631 51.6399993896484 0
handlingtexture = KE
cateringtexture = GSX_LOGO_4X1

[gate 1]
nopassengerstairs = 0
nopassengerbus = 0
ignoreicaoprefixes = 0
ignorepreferredexit = 0
snapleftpushbackpos = 1
snaprightpushbackpos = 1
undergroundrefueling = 0
dontcreatejetways = 0
parkingsystem = 1
hasjetway = 0
pushback = 3
pushbackaddpos = []
pushbacklabels = Nose Right/Tail Left (LEFT)|Nose Left/Tail Right (RIGHT)
maxwingspan = 36.0
radiusleft = 18.0
radiusright = 14.4
loadertype = 3 3 2
airlinecodes = 
type = 8
usercustomized = 1

[gate 2]
nopassengerstairs = 0
nopassengerbus = 0
ignoreicaoprefixes = 0
ignorepreferredexit = 0
snapleftpushbackpos = 1
snaprightpushbackpos = 1
undergroundrefueling = 0
dontcreatejetways = 0
parkingsystem = 1
hasjetway = 0
pushback = 3
pushbackaddpos = []
pushbacklabels = Nose Right/Tail Left (LEFT)|Nose Left/Tail Right (RIGHT)
maxwingspan = 36.0
radiusleft = 18.0
radiusright = 14.4
loadertype = 3 3 2
airlinecodes = 
type = 8
usercustomized = 1

